

    1.3827    0.7071   -0.0761    1.0000    1.9239    0.7071   -0.6173   -0.0000    0.6173   -0.7071   -1.9239



   -1.0000    0.0761   -0.7071   -1.3827   -0.0000    1.3827    0.7071   -0.0761    1.0000    1.9239    0.7071



   -0.6173    0.0000    0.6173   -0.7071   -1.9239   -1.0000    0.0761   -0.7071   -1.3827   -0.0000    1.3827



    0.7071   -0.0761    1.0000    1.9239    0.7071   -0.6173    0.0000    0.6173   -0.7071   -1.9239   -1.0000



    0.0761   -0.7071   -1.3827    0.0000    1.3827    0.7071   -0.0761    1.0000    1.9239    0.7071   -0.6173



    0.0000    0.6173   -0.7071   -1.9239   -1.0000    0.0761   -0.7071   -1.3827   -0.0000    1.3827    0.7071


   -0.0761    1.0000    1.9239    0.7071   -0.6173   -0.0000    0.6173   -0.7071   -1.9239   -1.0000    0.0761


   -0.7071   -1.3827    0.0000    1.3827    0.7071   -0.0761    1.0000    1.9239    0.7071   -0.6173    0.0000


    0.6173   -0.7071   -1.9239   -1.0000    0.0761   -0.7071   -1.3827    0.0000    1.3827    0.7071   -0.0761


    1.0000    1.9239    0.7071   -0.6173    0.0000    0.6173   -0.7071   -1.9239   -1.0000    0.0761   -0.7071



   -1.3827    0.0000    1.3827    0.7071   -0.0761    1.0000    1.9239    0.7071   -0.6173    0.0000    0.6173



   -0.7071   -1.9239   -1.0000    0.0761   -0.7071   -1.3827   -0.0000    1.3827    0.7071   -0.0761    1.0000

  

    1.9239    0.7071   -0.6173    0.0000    0.6173   -0.7071   -1.9239   -1.0000    0.0761   -0.7071   -1.3827


   -0.0000    1.3827    0.7071   -0.0761    1.0000    1.9239    0.7071   -0.6173    0.0000    0.6173   -0.7071



   -1.9239   -1.0000    0.0761   -0.7071   -1.3827    0.0000    1.3827    0.7071   -0.0761    1.0000    1.9239

 

    0.7071   -0.6173    0.0000    0.6173   -0.7071   -1.9239   -1.0000    0.0761   -0.7071   -1.3827    0.0000



    1.3827    0.7071   -0.0761    1.0000    1.9239    0.7071   -0.6173    0.0000    0.6173   -0.7071   -1.9239

 

   -1.0000    0.0761   -0.7071   -1.3827    0.0000    1.3827    0.7071   -0.0761    1.0000    1.9239    0.7071



   -0.6173    0.0000    0.6173   -0.7071   -1.9239   -1.0000    0.0761   -0.7071   -1.3827   -0.0000    1.3827


    0.7071   -0.0761    1.0000    1.9239    0.7071   -0.6173   -0.0000    0.6173   -0.7071   -1.9239   -1.0000



    0.0761   -0.7071   -1.3827   -0.0000    1.3827    0.7071   -0.0761    1.0000    1.9239    0.7071   -0.6173



    0.0000    0.6173   -0.7071   -1.9239   -1.0000    0.0761   -0.7071   -1.3827    0.0000    1.3827    0.7071



   -0.0761    1.0000    1.9239    0.7071   -0.6173    0.0000    0.6173   -0.7071   -1.9239   -1.0000    0.0761



   -0.7071   -1.3827   -0.0000    1.3827    0.7071   -0.0761    1.0000    1.9239    0.7071   -0.6173   -0.0000



    0.6173   -0.7071   -1.9239   -1.0000    0.0761   -0.7071   -1.3827   -0.0000    1.3827    0.7071   -0.0761



    1.0000    1.9239    0.7071   -0.6173   -0.0000    0.6173   -0.7071   -1.9239   -1.0000    0.0761   -0.7071



   -1.3827   -0.0000    1.3827    0.7071   -0.0761    1.0000    1.9239    0.7071   -0.6173   -0.0000    0.6173



   -0.7071   -1.9239   -1.0000    0.0761   -0.7071   -1.3827    0.0000    1.3827    0.7071   -0.0761    1.0000



    1.9239    0.7071   -0.6173   -0.0000    0.6173   -0.7071   -1.9239   -1.0000    0.0761   -0.7071   -1.3827



   -0.0000    1.3827    0.7071   -0.0761    1.0000    1.9239    0.7071   -0.6173   -0.0000    0.6173   -0.7071

 

   -1.9239   -1.0000    0.0761   -0.7071   -1.3827    0.0000    1.3827    0.7071   -0.0761    1.0000    1.9239



    0.7071   -0.6173   -0.0000    0.6173   -0.7071   -1.9239   -1.0000    0.0761   -0.7071   -1.3827    0.0000



    1.3827    0.7071   -0.0761    1.0000    1.9239    0.7071   -0.6173   -0.0000    0.6173   -0.7071   -1.9239


   -1.0000    0.0761   -0.7071   -1.3827   -0.0000    1.3827    0.7071   -0.0761    1.0000    1.9239    0.7071


   -0.6173    0.0000    0.6173   -0.7071   -1.9239   -1.0000    0.0761   -0.7071   -1.3827   -0.0000    1.3827


    0.7071   -0.0761    1.0000    1.9239    0.7071   -0.6173    0.0000    0.6173   -0.7071   -1.9239   -1.0000



    0.0761   -0.7071   -1.3827    0.0000    1.3827    0.7071   -0.0761    1.0000    1.9239    0.7071   -0.6173



   -0.0000    0.6173   -0.7071   -1.9239   -1.0000    0.0761   -0.7071   -1.3827    0.0000    1.3827    0.7071



   -0.0761    1.0000    1.9239    0.7071   -0.6173   -0.0000    0.6173   -0.7071   -1.9239   -1.0000    0.0761


   -0.7071   -1.3827    0.0000    1.3827    0.7071   -0.0761    1.0000    1.9239    0.7071   -0.6173   -0.0000

  441 至 451 列

    0.6173   -0.7071   -1.9239   -1.0000    0.0761   -0.7071   -1.3827   -0.0000    1.3827    0.7071   -0.0761



    1.0000    1.9239    0.7071   -0.6173   -0.0000    0.6173   -0.7071   -1.9239   -1.0000    0.0761   -0.7071



   -1.3827    0.0000    1.3827    0.7071   -0.0761    1.0000    1.9239    0.7071   -0.6173   -0.0000    0.6173



   -0.7071   -1.9239   -1.0000    0.0761   -0.7071   -1.3827    0.0000    1.3827    0.7071   -0.0761    1.0000



    1.9239    0.7071   -0.6173   -0.0000    0.6173   -0.7071   -1.9239   -1.0000    0.0761   -0.7071   -1.3827



    0.0000    1.3827    0.7071   -0.0761    1.0000    1.9239    0.7071   -0.6173    0.0000    0.6173   -0.7071



   -1.9239   -1.0000    0.0761   -0.7071   -1.3827   -0.0000    1.3827    0.7071   -0.0761    1.0000    1.9239



    0.7071   -0.6173    0.0000    0.6173   -0.7071   -1.9239   -1.0000    0.0761   -0.7071   -1.3827   -0.0000


    1.3827    0.7071   -0.0761    1.0000    1.9239    0.7071   -0.6173    0.0000    0.6173   -0.7071   -1.9239



   -1.0000    0.0761   -0.7071   -1.3827   -0.0000    1.3827    0.7071   -0.0761    1.0000    1.9239    0.7071



   -0.6173   -0.0000    0.6173   -0.7071   -1.9239   -1.0000    0.0761   -0.7071   -1.3827   -0.0000    1.3827



    0.7071   -0.0761    1.0000    1.9239    0.7071   -0.6173    0.0000    0.6173   -0.7071   -1.9239   -1.0000



    0.0761   -0.7071   -1.3827   -0.0000    1.3827    0.7071   -0.0761    1.0000    1.9239    0.7071   -0.6173

    0.0000    0.6173   -0.7071   -1.9239   -1.0000    0.0761   -0.7071   -1.3827   -0.0000    1.3827    0.7071



   -0.0761    1.0000    1.9239    0.7071   -0.6173   -0.0000    0.6173   -0.7071   -1.9239   -1.0000    0.0761



   -0.7071   -1.3827    0.0000    1.3827    0.7071   -0.0761    1.0000    1.9239    0.7071   -0.6173   -0.0000


    0.6173   -0.7071   -1.9239   -1.0000    0.0761   -0.7071   -1.3827    0.0000    1.3827    0.7071   -0.0761



    1.0000    1.9239    0.7071   -0.6173    0.0000    0.6173   -0.7071   -1.9239   -1.0000    0.0761   -0.7071



   -1.3827    0.0000    1.3827    0.7071   -0.0761    1.0000    1.9239    0.7071   -0.6173   -0.0000    0.6173



   -0.7071   -1.9239   -1.0000    0.0761   -0.7071   -1.3827   -0.0000    1.3827    0.7071   -0.0761    1.0000


    1.9239    0.7071   -0.6173    0.0000    0.6173   -0.7071   -1.9239   -1.0000    0.0761   -0.7071   -1.3827


    0.0000    1.3827    0.7071   -0.0761    1.0000    1.9239    0.7071   -0.6173   -0.0000    0.6173   -0.7071


   -1.9239   -1.0000    0.0761   -0.7071   -1.3827   -0.0000    1.3827    0.7071   -0.0761    1.0000    1.9239



    0.7071   -0.6173    0.0000    0.6173   -0.7071   -1.9239   -1.0000    0.0761   -0.7071   -1.3827    0.0000



    1.3827    0.7071   -0.0761    1.0000    1.9239    0.7071   -0.6173    0.0000    0.6173   -0.7071   -1.9239


   -1.0000    0.0761   -0.7071   -1.3827   -0.0000    1.3827    0.7071   -0.0761    1.0000    1.9239    0.7071



   -0.6173   -0.0000    0.6173   -0.7071   -1.9239   -1.0000    0.0761   -0.7071   -1.3827    0.0000    1.3827



    0.7071   -0.0761    1.0000    1.9239    0.7071   -0.6173   -0.0000    0.6173   -0.7071   -1.9239   -1.0000



    0.0761   -0.7071   -1.3827    0.0000    1.3827    0.7071   -0.0761    1.0000    1.9239    0.7071   -0.6173



   -0.0000    0.6173   -0.7071   -1.9239   -1.0000    0.0761   -0.7071   -1.3827   -0.0000    1.3827    0.7071



   -0.0761    1.0000    1.9239    0.7071   -0.6173   -0.0000    0.6173   -0.7071   -1.9239   -1.0000    0.0761


   -0.7071   -1.3827    0.0000    1.3827    0.7071   -0.0761    1.0000    1.9239    0.7071   -0.6173    0.0000


    0.6173   -0.7071   -1.9239   -1.0000    0.0761   -0.7071   -1.3827    0.0000    1.3827    0.7071   -0.0761



    1.0000    1.9239    0.7071   -0.6173   -0.0000    0.6173   -0.7071   -1.9239   -1.0000    0.0761   -0.7071


   -1.3827   -0.0000    1.3827    0.7071   -0.0761    1.0000    1.9239    0.7071   -0.6173    0.0000    0.6173



   -0.7071   -1.9239   -1.0000    0.0761   -0.7071   -1.3827    0.0000    1.3827    0.7071   -0.0761    1.0000


    1.9239    0.7071   -0.6173    0.0000    0.6173   -0.7071   -1.9239   -1.0000    0.0761   -0.7071   -1.3827



   -0.0000    1.3827    0.7071   -0.0761    1.0000    1.9239    0.7071   -0.6173    0.0000    0.6173   -0.7071


   -1.9239   -1.0000    0.0761   -0.7071   -1.3827    0.0000    1.3827    0.7071   -0.0761    1.0000    1.9239



    0.7071   -0.6173    0.0000    0.6173   -0.7071   -1.9239   -1.0000    0.0761   -0.7071   -1.3827    0.0000


    1.3827    0.7071   -0.0761    1.0000    1.9239    0.7071   -0.6173    0.0000    0.6173   -0.7071   -1.9239



   -1.0000    0.0761   -0.7071   -1.3827    0.0000    1.3827    0.7071   -0.0761    1.0000    1.9239    0.7071


   -0.6173   -0.0000    0.6173   -0.7071   -1.9239   -1.0000    0.0761   -0.7071   -1.3827   -0.0000    1.3827


    0.7071   -0.0761    1.0000    1.9239    0.7071   -0.6173   -0.0000    0.6173   -0.7071   -1.9239   -1.0000





   -0.0000    0.6173   -0.7071   -1.9239   -1.0000    0.0761   -0.7071   -1.3827   -0.0000    1.3827    0.7071



   -0.0761    1.0000    1.9239    0.7071   -0.6173   -0.0000    0.6173   -0.7071   -1.9239   -1.0000    0.0761



   -0.7071   -1.3827    0.0000    1.3827    0.7071   -0.0761    1.0000    1.9239    0.7071   -0.6173    0.0000



    0.6173   -0.7071   -1.9239   -1.0000    0.0761   -0.7071   -1.3827   -0.0000    1.3827    0.7071   -0.0761



    1.0000    1.9239    0.7071   -0.6173   -0.0000    0.6173   -0.7071   -1.9239   -1.0000    0.0761   -0.7071


   -1.3827    0.0000    1.3827    0.7071   -0.0761    1.0000    1.9239    0.7071   -0.6173    0.0000    0.6173



   -0.7071   -1.9239   -1.0000    0.0761   -0.7071   -1.3827    0.0000    1.3827    0.7071   -0.0761    1.0000

    1.9239    0.7071   -0.6173   -0.0000    0.6173   -0.7071   -1.9239   -1.0000    0.0761   -0.7071   -1.3827



   -0.0000    1.3827    0.7071   -0.0761    1.0000    1.9239    0.7071   -0.6173    0.0000    0.6173   -0.7071



   -1.9239   -1.0000    0.0761   -0.7071   -1.3827    0.0000    1.3827    0.7071   -0.0761    1.0000    1.9239


    0.7071   -0.6173    0.0000    0.6173   -0.7071   -1.9239   -1.0000    0.0761   -0.7071   -1.3827   -0.0000



    1.3827    0.7071   -0.0761    1.0000    1.9239    0.7071   -0.6173    0.0000    0.6173   -0.7071   -1.9239



   -1.0000    0.0761   -0.7071   -1.3827    0.0000    1.3827    0.7071   -0.0761    1.0000    1.9239    0.7071



   -0.6173    0.0000    0.6173   -0.7071   -1.9239   -1.0000    0.0761   -0.7071   -1.3827    0.0000    1.3827


    0.7071   -0.0761    1.0000    1.9239    0.7071   -0.6173    0.0000    0.6173   -0.7071   -1.9239   -1.0000



    0.0761   -0.7071   -1.3827   -0.0000    1.3827    0.7071   -0.0761    1.0000    1.9239    0.7071   -0.6173


   -0.0000    0.6173   -0.7071   -1.9239   -1.0000    0.0761   -0.7071   -1.3827   -0.0000    1.3827    0.7071


   -0.0761    1.0000    1.9239    0.7071   -0.6173   -0.0000    0.6173   -0.7071   -1.9239   -1.0000    0.0761

 

   -0.7071   -1.3827    0.0000    1.3827    0.7071   -0.0761    1.0000    1.9239    0.7071   -0.6173   -0.0000


    0.6173   -0.7071   -1.9239   -1.0000    0.0761   -0.7071   -1.3827   -0.0000    1.3827    0.7071   -0.0761


    1.0000    1.9239    0.7071   -0.6173   -0.0000    0.6173   -0.7071   -1.9239   -1.0000    0.0761   -0.7071



   -1.3827    0.0000    1.3827    0.7071   -0.0761    1.0000    1.9239    0.7071   -0.6173    0.0000    0.6173



   -0.7071   -1.9239   -1.0000    0.0761   -0.7071   -1.3827   -0.0000    1.3827    0.7071   -0.0761    1.0000



    1.9239    0.7071   -0.6173   -0.0000    0.6173   -0.7071   -1.9239   -1.0000    0.0761   -0.7071   -1.3827



   -0.0000    1.3827    0.7071   -0.0761    1.0000    1.9239    0.7071   -0.6173    0.0000    0.6173   -0.7071



   -1.9239   -1.0000    0.0761   -0.7071   -1.3827    0.0000    1.3827    0.7071   -0.0761    1.0000    1.9239


    0.7071   -0.6173   -0.0000    0.6173   -0.7071   -1.9239   -1.0000    0.0761   -0.7071   -1.3827   -0.0000

 

    1.3827    0.7071   -0.0761    1.0000    1.9239    0.7071   -0.6173    0.0000    0.6173   -0.7071   -1.9239


   -1.0000    0.0761   -0.7071   -1.3827    0.0000    1.3827    0.7071   -0.0761    1.0000    1.9239    0.7071


   -0.6173    0.0000    0.6173   -0.7071   -1.9239   -1.0000    0.0761   -0.7071   -1.3827    0.0000    1.3827



    0.7071   -0.0761    1.0000    1.9239    0.7071   -0.6173    0.0000    0.6173   -0.7071   -1.9239   -1.0000


    0.0761   -0.7071   -1.3827    0.0000    1.3827    0.7071   -0.0761    1.0000    1.9239    0.7071   -0.6173


    0.0000    0.6173   -0.7071   -1.9239   -1.0000    0.0761   -0.7071   -1.3827    0.0000    1.3827    0.7071


   -0.0761    1.0000    1.9239    0.7071   -0.6173    0.0000    0.6173   -0.7071   -1.9239   -1.0000    0.0761



   -0.7071   -1.3827   -0.0000    1.3827    0.7071   -0.0761    1.0000    1.9239    0.7071   -0.6173   -0.0000



    0.6173   -0.7071   -1.9239   -1.0000    0.0761   -0.7071   -1.3827    0.0000    1.3827    0.7071   -0.0761



    1.0000    1.9239    0.7071   -0.6173    0.0000    0.6173   -0.7071   -1.9239   -1.0000    0.0761   -0.7071



   -1.3827    0.0000    1.3827    0.7071   -0.0761    1.0000    1.9239    0.7071   -0.6173   -0.0000    0.6173


   -0.7071   -1.9239   -1.0000    0.0761   -0.7071   -1.3827   -0.0000    1.3827    0.7071   -0.0761    1.0000



    1.9239    0.7071   -0.6173   -0.0000    0.6173   -0.7071   -1.9239   -1.0000    0.0761   -0.7071   -1.3827


   -0.0000    1.3827    0.7071   -0.0761    1.0000    1.9239    0.7071   -0.6173   -0.0000    0.6173   -0.7071



   -1.9239   -1.0000    0.0761   -0.7071   -1.3827    0.0000    1.3827    0.7071   -0.0761    1.0000    1.9239



    0.7071   -0.6173    0.0000    0.6173   -0.7071   -1.9239   -1.0000    0.0761   -0.7071   -1.3827    0.0000


    1.3827    0.7071   -0.0761    1.0000    1.9239    0.7071   -0.6173    0.0000    0.6173   -0.7071   -1.9239


   -1.0000    0.0761   -0.7071   -1.3827    0.0000    1.3827    0.7071   -0.0761    1.0000    1.9239    0.7071



   -0.6173    0.0000    0.6173   -0.7071   -1.9239   -1.0000    0.0761   -0.7071   -1.3827   -0.0000    1.3827



    0.7071   -0.0761    1.0000    1.9239    0.7071   -0.6173   -0.0000    0.6173   -0.7071   -1.9239   -1.0000




    0.0000    0.6173   -0.7071   -1.9239   -1.0000    0.0761   -0.7071   -1.3827    0.0000    1.3827    0.7071



   -0.0761    1.0000    1.9239    0.7071   -0.6173    0.0000    0.6173   -0.7071   -1.9239   -1.0000    0.0761



   -0.7071   -1.3827    0.0000    1.3827    0.7071   -0.0761    1.0000    1.9239    0.7071   -0.6173    0.0000


    0.6173   -0.7071   -1.9239   -1.0000    0.0761   -0.7071   -1.3827    0.0000    1.3827    0.7071   -0.0761


    1.0000    1.9239    0.7071   -0.6173    0.0000    0.6173   -0.7071   -1.9239   -1.0000    0.0761   -0.7071


   -1.3827   -0.0000    1.3827    0.7071   -0.0761    1.0000    1.9239    0.7071   -0.6173   -0.0000    0.6173



   -0.7071   -1.9239   -1.0000    0.0761   -0.7071   -1.3827   -0.0000    1.3827    0.7071   -0.0761    1.0000



    1.9239    0.7071   -0.6173   -0.0000    0.6173   -0.7071   -1.9239   -1.0000    0.0761   -0.7071   -1.3827



   -0.0000    1.3827    0.7071   -0.0761    1.0000    1.9239    0.7071   -0.6173   -0.0000    0.6173   -0.7071



   -1.9239   -1.0000    0.0761   -0.7071   -1.3827    0.0000    1.3827    0.7071   -0.0761    1.0000    1.9239

    0.7071   -0.6173    0.0000    0.6173   -0.7071   -1.9239   -1.0000    0.0761   -0.7071   -1.3827    0.0000



    1.3827    0.7071   -0.0761    1.0000    1.9239    0.7071   -0.6173    0.0000    0.6173   -0.7071   -1.9239



   -1.0000    0.0761   -0.7071   -1.3827    0.0000    1.3827    0.7071   -0.0761    1.0000    1.9239    0.7071


   -0.6173    0.0000    0.6173   -0.7071   -1.9239   -1.0000    0.0761   -0.7071   -1.3827   -0.0000    1.3827



    0.7071   -0.0761    1.0000    1.9239    0.7071   -0.6173    0.0000    0.6173   -0.7071   -1.9239   -1.0000



    0.0761   -0.7071   -1.3827   -0.0000    1.3827    0.7071   -0.0761    1.0000    1.9239    0.7071   -0.6173



    0.0000    0.6173   -0.7071   -1.9239   -1.0000    0.0761   -0.7071   -1.3827    0.0000    1.3827    0.7071



   -0.0761    1.0000    1.9239    0.7071   -0.6173    0.0000    0.6173   -0.7071   -1.9239   -1.0000    0.0761



   -0.7071   -1.3827    0.0000    1.3827    0.7071   -0.0761    1.0000    1.9239    0.7071   -0.6173    0.0000



    0.6173   -0.7071   -1.9239   -1.0000    0.0761   -0.7071   -1.3827    0.0000    1.3827    0.7071   -0.0761

  

    1.0000    1.9239    0.7071   -0.6173    0.0000    0.6173   -0.7071   -1.9239   -1.0000    0.0761   -0.7071



   -1.3827   -0.0000    1.3827    0.7071   -0.0761    1.0000    1.9239    0.7071   -0.6173    0.0000    0.6173


   -0.7071   -1.9239   -1.0000    0.0761   -0.7071   -1.3827    0.0000    1.3827    0.7071   -0.0761    1.0000



    1.9239    0.7071   -0.6173    0.0000    0.6173   -0.7071   -1.9239   -1.0000    0.0761   -0.7071   -1.3827



    0.0000    1.3827    0.7071   -0.0761    1.0000    1.9239    0.7071   -0.6173    0.0000    0.6173   -0.7071


   -1.9239   -1.0000    0.0761   -0.7071   -1.3827    0.0000    1.3827    0.7071   -0.0761    1.0000    1.9239



    0.7071   -0.6173    0.0000    0.6173   -0.7071   -1.9239   -1.0000    0.0761   -0.7071   -1.3827    0.0000


    1.3827    0.7071   -0.0761    1.0000    1.9239    0.7071   -0.6173    0.0000    0.6173   -0.7071   -1.9239



   -1.0000    0.0761   -0.7071   -1.3827    0.0000    1.3827    0.7071   -0.0761    1.0000    1.9239    0.7071



   -0.6173    0.0000    0.6173   -0.7071   -1.9239   -1.0000    0.0761   -0.7071   -1.3827    0.0000    1.3827



    0.7071   -0.0761    1.0000    1.9239    0.7071   -0.6173    0.0000    0.6173   -0.7071   -1.9239   -1.0000



    0.0761   -0.7071   -1.3827    0.0000    1.3827    0.7071   -0.0761    1.0000    1.9239    0.7071   -0.6173


    0.0000    0.6173   -0.7071   -1.9239   -1.0000    0.0761   -0.7071   -1.3827    0.0000    1.3827    0.7071



   -0.0761    1.0000    1.9239    0.7071   -0.6173    0.0000    0.6173   -0.7071   -1.9239   -1.0000    0.0761



   -0.7071   -1.3827    0.0000    1.3827    0.7071   -0.0761    1.0000    1.9239    0.7071   -0.6173    0.0000



    0.6173   -0.7071   -1.9239   -1.0000    0.0761   -0.7071   -1.3827    0.0000    1.3827    0.7071   -0.0761



    1.0000    1.9239    0.7071   -0.6173   -0.0000    0.6173   -0.7071   -1.9239   -1.0000    0.0761   -0.7071



   -1.3827    0.0000    1.3827    0.7071   -0.0761    1.0000    1.9239    0.7071   -0.6173    0.0000    0.6173


   -0.7071   -1.9239   -1.0000    0.0761   -0.7071   -1.3827    0.0000    1.3827    0.7071   -0.0761    1.0000

 

    1.9239    0.7071   -0.6173    0.0000    0.6173   -0.7071   -1.9239   -1.0000    0.0761   -0.7071   -1.3827


    0.0000    1.3827    0.7071   -0.0761    1.0000    1.9239    0.7071   -0.6173    0.0000    0.6173   -0.7071



   -1.9239   -1.0000    0.0761   -0.7071   -1.3827    0.0000    1.3827    0.7071   -0.0761    1.0000    1.9239



    0.7071   -0.6173    0.0000    0.6173   -0.7071   -1.9239   -1.0000    0.0761   -0.7071   -1.3827    0.0000



    1.3827    0.7071   -0.0761    1.0000    1.9239    0.7071   -0.6173    0.0000    0.6173   -0.7071   -1.9239



   -1.0000    0.0761   -0.7071   -1.3827    0.0000    1.3827    0.7071   -0.0761    1.0000    1.9239    0.7071



   -0.6173    0.0000    0.6173   -0.7071   -1.9239   -1.0000    0.0761   -0.7071   -1.3827    0.0000    1.3827


    0.7071   -0.0761    1.0000    1.9239    0.7071   -0.6173    0.0000    0.6173   -0.7071   -1.9239   -1.0000



    0.0761   -0.7071   -1.3827    0.0000    1.3827    0.7071   -0.0761    1.0000    1.9239    0.7071   -0.6173


    0.0000    0.6173   -0.7071   -1.9239   -1.0000    0.0761   -0.7071   -1.3827    0.0000    1.3827    0.7071



   -0.0761    1.0000    1.9239    0.7071   -0.6173    0.0000    0.6173   -0.7071   -1.9239   -1.0000    0.0761



   -0.7071   -1.3827    0.0000    1.3827    0.7071   -0.0761    1.0000    1.9239    0.7071   -0.6173    0.0000



    0.6173   -0.7071   -1.9239   -1.0000    0.0761   -0.7071   -1.3827   -0.0000    1.3827    0.7071   -0.0761


    1.0000    1.9239    0.7071   -0.6173    0.0000    0.6173   -0.7071   -1.9239   -1.0000    0.0761   -0.7071



   -1.3827   -0.0000    1.3827    0.7071   -0.0761    1.0000    1.9239    0.7071   -0.6173   -0.0000    0.6173



   -0.7071   -1.9239   -1.0000    0.0761   -0.7071   -1.3827    0.0000    1.3827    0.7071   -0.0761    1.0000



    1.9239    0.7071   -0.6173   -0.0000    0.6173   -0.7071   -1.9239   -1.0000    0.0761   -0.7071   -1.3827



    0.0000    1.3827    0.7071   -0.0761    1.0000    1.9239    0.7071   -0.6173   -0.0000    0.6173   -0.7071



   -1.9239   -1.0000    0.0761   -0.7071   -1.3827    0.0000    1.3827    0.7071   -0.0761    1.0000    1.9239



    0.7071   -0.6173    0.0000    0.6173   -0.7071   -1.9239   -1.0000    0.0761   -0.7071   -1.3827   -0.0000



    1.3827    0.7071   -0.0761    1.0000    1.9239    0.7071   -0.6173   -0.0000    0.6173   -0.7071   -1.9239


   -1.0000    0.0761   -0.7071   -1.3827    0.0000    1.3827    0.7071   -0.0761    1.0000    1.9239    0.7071

 

   -0.6173   -0.0000    0.6173   -0.7071   -1.9239   -1.0000    0.0761   -0.7071   -1.3827    0.0000    1.3827



    0.7071   -0.0761    1.0000    1.9239    0.7071   -0.6173   -0.0000    0.6173   -0.7071   -1.9239   -1.0000



    0.0761   -0.7071   -1.3827    0.0000    1.3827    0.7071   -0.0761    1.0000    1.9239    0.7071   -0.6173

 

    0.0000    0.6173   -0.7071   -1.9239   -1.0000    0.0761   -0.7071   -1.3827    0.0000    1.3827    0.7071



   -0.0761    1.0000    1.9239    0.7071   -0.6173    0.0000    0.6173   -0.7071   -1.9239   -1.0000    0.0761

 

   -0.7071   -1.3827    0.0000    1.3827    0.7071   -0.0761    1.0000    1.9239    0.7071   -0.6173   -0.0000


    0.6173   -0.7071   -1.9239   -1.0000    0.0761   -0.7071   -1.3827    0.0000    1.3827    0.7071   -0.0761



    1.0000    1.9239    0.7071   -0.6173   -0.0000    0.6173   -0.7071   -1.9239   -1.0000    0.0761   -0.7071


   -1.3827    0.0000    1.3827    0.7071   -0.0761    1.0000    1.9239    0.7071   -0.6173    0.0000    0.6173



   -0.7071   -1.9239   -1.0000    0.0761   -0.7071   -1.3827    0.0000    1.3827    0.7071   -0.0761    1.0000



    1.9239    0.7071   -0.6173    0.0000    0.6173   -0.7071   -1.9239   -1.0000    0.0761   -0.7071   -1.3827


   -0.0000    1.3827    0.7071   -0.0761    1.0000    1.9239    0.7071   -0.6173    0.0000    0.6173   -0.7071


   -1.9239   -1.0000    0.0761   -0.7071   -1.3827    0.0000    1.3827    0.7071   -0.0761    1.0000    1.9239



    0.7071   -0.6173   -0.0000    0.6173   -0.7071   -1.9239   -1.0000    0.0761   -0.7071   -1.3827   -0.0000



    1.3827    0.7071   -0.0761    1.0000    1.9239    0.7071   -0.6173    0.0000    0.6173   -0.7071   -1.9239


   -1.0000    0.0761   -0.7071   -1.3827   -0.0000    1.3827    0.7071   -0.0761    1.0000    1.9239    0.7071



   -0.6173    0.0000    0.6173   -0.7071   -1.9239   -1.0000    0.0761   -0.7071   -1.3827   -0.0000    1.3827



    0.7071   -0.0761    1.0000    1.9239    0.7071   -0.6173    0.0000    0.6173   -0.7071   -1.9239   -1.0000



    0.0761   -0.7071   -1.3827    0.0000    1.3827    0.7071   -0.0761    1.0000    1.9239    0.7071   -0.6173

  

    0.0000    0.6173   -0.7071   -1.9239   -1.0000    0.0761   -0.7071   -1.3827    0.0000    1.3827    0.7071



   -0.0761    1.0000    1.9239    0.7071   -0.6173    0.0000    0.6173   -0.7071   -1.9239   -1.0000    0.0761



   -0.7071   -1.3827   -0.0000    1.3827    0.7071   -0.0761    1.0000    1.9239    0.7071   -0.6173    0.0000



    0.6173   -0.7071   -1.9239   -1.0000    0.0761   -0.7071   -1.3827   -0.0000    1.3827    0.7071   -0.0761


    1.0000    1.9239    0.7071   -0.6173    0.0000    0.6173   -0.7071   -1.9239   -1.0000    0.0761   -0.7071



   -1.3827   -0.0000    1.3827    0.7071   -0.0761    1.0000    1.9239    0.7071   -0.6173    0.0000    0.6173


   -0.7071   -1.9239   -1.0000    0.0761   -0.7071   -1.3827    0.0000    1.3827    0.7071   -0.0761    1.0000



    1.9239    0.7071   -0.6173    0.0000    0.6173   -0.7071   -1.9239   -1.0000    0.0761   -0.7071   -1.3827



    0.0000    1.3827    0.7071   -0.0761    1.0000    1.9239    0.7071   -0.6173    0.0000    0.6173   -0.7071


   -1.9239   -1.0000    0.0761   -0.7071   -1.3827   -0.0000    1.3827    0.7071   -0.0761    1.0000    1.9239



    0.7071   -0.6173    0.0000    0.6173   -0.7071   -1.9239   -1.0000    0.0761   -0.7071   -1.3827   -0.0000



    1.3827    0.7071   -0.0761    1.0000    1.9239    0.7071   -0.6173   -0.0000    0.6173   -0.7071   -1.9239


   -1.0000    0.0761   -0.7071   -1.3827    0.0000    1.3827    0.7071   -0.0761    1.0000    1.9239    0.7071


   -0.6173   -0.0000    0.6173   -0.7071   -1.9239   -1.0000    0.0761   -0.7071   -1.3827    0.0000    1.3827



    0.7071   -0.0761    1.0000    1.9239    0.7071   -0.6173   -0.0000    0.6173   -0.7071   -1.9239   -1.0000



    0.0761   -0.7071   -1.3827    0.0000    1.3827    0.7071   -0.0761    1.0000    1.9239    0.7071   -0.6173


    0.0000    0.6173   -0.7071   -1.9239   -1.0000    0.0761   -0.7071   -1.3827    0.0000    1.3827    0.7071



   -0.0761    1.0000    1.9239    0.7071   -0.6173   -0.0000    0.6173   -0.7071   -1.9239   -1.0000    0.0761



   -0.7071   -1.3827    0.0000    1.3827    0.7071   -0.0761    1.0000    1.9239    0.7071   -0.6173    0.0000


    0.6173   -0.7071   -1.9239   -1.0000    0.0761   -0.7071   -1.3827    0.0000    1.3827    0.7071   -0.0761


    1.0000    1.9239    0.7071   -0.6173   -0.0000    0.6173   -0.7071   -1.9239   -1.0000    0.0761   -0.7071


   -1.3827   -0.0000    1.3827    0.7071   -0.0761    1.0000    1.9239    0.7071   -0.6173    0.0000    0.6173


   -0.7071   -1.9239   -1.0000    0.0761   -0.7071   -1.3827    0.0000    1.3827    0.7071   -0.0761    1.0000


    1.9239    0.7071   -0.6173    0.0000    0.6173   -0.7071   -1.9239   -1.0000    0.0761   -0.7071   -1.3827



   -0.0000    1.3827    0.7071   -0.0761    1.0000    1.9239    0.7071   -0.6173   -0.0000    0.6173   -0.7071



   -1.9239   -1.0000    0.0761   -0.7071   -1.3827    0.0000    1.3827    0.7071   -0.0761    1.0000    1.9239



    0.7071   -0.6173   -0.0000    0.6173   -0.7071   -1.9239   -1.0000    0.0761   -0.7071   -1.3827   -0.0000



    1.3827    0.7071   -0.0761    1.0000    1.9239    0.7071   -0.6173   -0.0000    0.6173   -0.7071   -1.9239


   -1.0000    0.0761   -0.7071   -1.3827    0.0000    1.3827    0.7071   -0.0761    1.0000    1.9239    0.7071



   -0.6173   -0.0000    0.6173   -0.7071   -1.9239   -1.0000    0.0761   -0.7071   -1.3827    0.0000    1.3827

  

    0.7071   -0.0761    1.0000    1.9239    0.7071   -0.6173    0.0000    0.6173   -0.7071   -1.9239   -1.0000



    0.0761   -0.7071   -1.3827    0.0000    1.3827    0.7071   -0.0761    1.0000    1.9239    0.7071   -0.6173



    0.0000    0.6173   -0.7071   -1.9239   -1.0000    0.0761   -0.7071   -1.3827   -0.0000    1.3827    0.7071



   -0.0761    1.0000    1.9239    0.7071   -0.6173    0.0000    0.6173   -0.7071   -1.9239   -1.0000    0.0761



   -0.7071   -1.3827    0.0000    1.3827    0.7071   -0.0761    1.0000    1.9239    0.7071   -0.6173    0.0000



    0.6173   -0.7071   -1.9239   -1.0000    0.0761   -0.7071   -1.3827   -0.0000    1.3827    0.7071   -0.0761



    1.0000    1.9239    0.7071   -0.6173    0.0000    0.6173   -0.7071   -1.9239   -1.0000    0.0761   -0.7071

  

   -1.3827    0.0000    1.3827    0.7071   -0.0761    1.0000    1.9239    0.7071   -0.6173    0.0000    0.6173

 
   -0.7071   -1.9239   -1.0000    0.0761   -0.7071   -1.3827   -0.0000    1.3827    0.7071   -0.0761    1.0000



    1.9239    0.7071   -0.6173    0.0000    0.6173   -0.7071   -1.9239   -1.0000    0.0761   -0.7071   -1.3827



    0.0000    1.3827    0.7071   -0.0761    1.0000    1.9239    0.7071   -0.6173   -0.0000    0.6173   -0.7071



   -1.9239   -1.0000    0.0761   -0.7071   -1.3827    0.0000    1.3827    0.7071   -0.0761    1.0000    1.9239

 

    0.7071   -0.6173   -0.0000    0.6173   -0.7071   -1.9239   -1.0000    0.0761   -0.7071   -1.3827    0.0000



    1.3827    0.7071   -0.0761    1.0000    1.9239    0.7071   -0.6173    0.0000    0.6173   -0.7071   -1.9239



   -1.0000    0.0761   -0.7071   -1.3827    0.0000    1.3827    0.7071   -0.0761    1.0000    1.9239    0.7071


   -0.6173   -0.0000    0.6173   -0.7071   -1.9239   -1.0000    0.0761   -0.7071   -1.3827    0.0000    1.3827


    0.7071   -0.0761    1.0000    1.9239    0.7071   -0.6173    0.0000    0.6173   -0.7071   -1.9239   -1.0000



    0.0761   -0.7071   -1.3827    0.0000    1.3827    0.7071   -0.0761    1.0000    1.9239    0.7071   -0.6173



   -0.0000    0.6173   -0.7071   -1.9239   -1.0000    0.0761   -0.7071   -1.3827   -0.0000    1.3827    0.7071



   -0.0761    1.0000    1.9239    0.7071   -0.6173    0.0000    0.6173   -0.7071   -1.9239   -1.0000    0.0761


   -0.7071   -1.3827   -0.0000    1.3827    0.7071   -0.0761    1.0000    1.9239    0.7071   -0.6173    0.0000


    0.6173   -0.7071   -1.9239   -1.0000    0.0761   -0.7071   -1.3827   -0.0000    1.3827    0.7071   -0.0761



    1.0000    1.9239    0.7071   -0.6173    0.0000    0.6173   -0.7071   -1.9239   -1.0000    0.0761   -0.7071

  

   -1.3827    0.0000    1.3827    0.7071   -0.0761    1.0000    1.9239    0.7071   -0.6173    0.0000    0.6173


   -0.7071   -1.9239   -1.0000    0.0761   -0.7071   -1.3827    0.0000    1.3827    0.7071   -0.0761    1.0000



    1.9239    0.7071   -0.6173    0.0000    0.6173   -0.7071   -1.9239   -1.0000    0.0761   -0.7071   -1.3827

 

    0.0000    1.3827    0.7071   -0.0761    1.0000    1.9239    0.7071   -0.6173   -0.0000    0.6173   -0.7071

 

   -1.9239   -1.0000    0.0761   -0.7071   -1.3827   -0.0000    1.3827    0.7071   -0.0761    1.0000    1.9239

  

    0.7071   -0.6173   -0.0000    0.6173   -0.7071   -1.9239   -1.0000    0.0761   -0.7071   -1.3827    0.0000


    1.3827    0.7071   -0.0761    1.0000    1.9239    0.7071   -0.6173   -0.0000    0.6173   -0.7071   -1.9239



   -1.0000    0.0761   -0.7071   -1.3827    0.0000    1.3827    0.7071   -0.0761    1.0000    1.9239    0.7071



   -0.6173   -0.0000    0.6173   -0.7071   -1.9239   -1.0000    0.0761   -0.7071   -1.3827    0.0000    1.3827



    0.7071   -0.0761    1.0000    1.9239    0.7071   -0.6173    0.0000    0.6173   -0.7071   -1.9239   -1.0000


    0.0761   -0.7071   -1.3827   -0.0000    1.3827    0.7071   -0.0761    1.0000    1.9239    0.7071   -0.6173



    0.0000    0.6173   -0.7071   -1.9239   -1.0000    0.0761   -0.7071   -1.3827    0.0000    1.3827    0.7071



   -0.0761    1.0000    1.9239    0.7071   -0.6173    0.0000    0.6173   -0.7071   -1.9239   -1.0000    0.0761



   -0.7071   -1.3827   -0.0000    1.3827    0.7071   -0.0761    1.0000    1.9239    0.7071   -0.6173    0.0000

  

    0.6173   -0.7071   -1.9239   -1.0000    0.0761   -0.7071   -1.3827    0.0000    1.3827    0.7071   -0.0761



    1.0000    1.9239    0.7071   -0.6173    0.0000    0.6173   -0.7071   -1.9239   -1.0000    0.0761   -0.7071


   -1.3827   -0.0000    1.3827    0.7071   -0.0761    1.0000    1.9239    0.7071   -0.6173    0.0000    0.6173



   -0.7071   -1.9239   -1.0000    0.0761   -0.7071   -1.3827    0.0000    1.3827    0.7071   -0.0761    1.0000



    1.9239    0.7071   -0.6173   -0.0000    0.6173   -0.7071   -1.9239   -1.0000    0.0761   -0.7071   -1.3827



    0.0000    1.3827    0.7071   -0.0761    1.0000    1.9239    0.7071   -0.6173   -0.0000    0.6173   -0.7071

 

   -1.9239   -1.0000    0.0761   -0.7071   -1.3827    0.0000    1.3827    0.7071   -0.0761    1.0000    1.9239



    0.7071   -0.6173    0.0000    0.6173   -0.7071   -1.9239   -1.0000    0.0761   -0.7071   -1.3827    0.0000



    1.3827    0.7071   -0.0761    1.0000    1.9239    0.7071   -0.6173   -0.0000    0.6173   -0.7071   -1.9239



   -1.0000    0.0761   -0.7071   -1.3827    0.0000    1.3827    0.7071   -0.0761    1.0000    1.9239    0.7071


   -0.6173    0.0000    0.6173   -0.7071   -1.9239   -1.0000    0.0761   -0.7071   -1.3827    0.0000    1.3827



    0.7071   -0.0761    1.0000    1.9239    0.7071   -0.6173   -0.0000    0.6173   -0.7071   -1.9239   -1.0000



    0.0761   -0.7071   -1.3827   -0.0000    1.3827    0.7071   -0.0761    1.0000    1.9239    0.7071   -0.6173



    0.0000    0.6173   -0.7071   -1.9239   -1.0000    0.0761   -0.7071   -1.3827   -0.0000    1.3827    0.7071

 

   -0.0761    1.0000    1.9239    0.7071   -0.6173   -0.0000    0.6173   -0.7071   -1.9239   -1.0000    0.0761

 

   -0.7071   -1.3827    0.0000    1.3827    0.7071   -0.0761    1.0000    1.9239    0.7071   -0.6173    0.0000



    0.6173   -0.7071   -1.9239   -1.0000    0.0761   -0.7071   -1.3827   -0.0000    1.3827    0.7071   -0.0761

  

    1.0000    1.9239    0.7071   -0.6173    0.0000    0.6173   -0.7071   -1.9239   -1.0000    0.0761   -0.7071


   -1.3827   -0.0000    1.3827    0.7071   -0.0761    1.0000    1.9239    0.7071   -0.6173    0.0000    0.6173



   -0.7071   -1.9239   -1.0000    0.0761   -0.7071   -1.3827    0.0000    1.3827    0.7071   -0.0761    1.0000



    1.9239    0.7071   -0.6173   -0.0000    0.6173   -0.7071   -1.9239   -1.0000    0.0761   -0.7071   -1.3827


    0.0000    1.3827    0.7071   -0.0761    1.0000    1.9239    0.7071   -0.6173    0.0000    0.6173   -0.7071



   -1.9239   -1.0000    0.0761   -0.7071   -1.3827    0.0000    1.3827    0.7071   -0.0761    1.0000    1.9239

 

    0.7071   -0.6173   -0.0000    0.6173   -0.7071   -1.9239   -1.0000    0.0761   -0.7071   -1.3827   -0.0000

  

    1.3827    0.7071   -0.0761    1.0000    1.9239    0.7071   -0.6173    0.0000    0.6173   -0.7071   -1.9239

  

   -1.0000    0.0761   -0.7071   -1.3827    0.0000    1.3827    0.7071   -0.0761    1.0000    1.9239    0.7071



   -0.6173   -0.0000    0.6173   -0.7071   -1.9239   -1.0000    0.0761   -0.7071   -1.3827   -0.0000    1.3827

  

    0.7071   -0.0761    1.0000    1.9239    0.7071   -0.6173    0.0000    0.6173   -0.7071   -1.9239   -1.0000


    0.0761   -0.7071   -1.3827   -0.0000    1.3827    0.7071   -0.0761    1.0000    1.9239    0.7071   -0.6173

  
    0.0000    0.6173   -0.7071   -1.9239   -1.0000    0.0761   -0.7071   -1.3827   -0.0000    1.3827    0.7071



   -0.0761    1.0000    1.9239    0.7071   -0.6173    0.0000    0.6173   -0.7071   -1.9239   -1.0000    0.0761



   -0.7071   -1.3827    0.0000    1.3827    0.7071   -0.0761    1.0000    1.9239    0.7071   -0.6173    0.0000



    0.6173   -0.7071   -1.9239   -1.0000    0.0761   -0.7071   -1.3827   -0.0000    1.3827    0.7071   -0.0761



    1.0000    1.9239    0.7071   -0.6173    0.0000    0.6173   -0.7071   -1.9239   -1.0000    0.0761   -0.7071

  

   -1.3827    0.0000    1.3827    0.7071   -0.0761    1.0000    1.9239    0.7071   -0.6173   -0.0000    0.6173



   -0.7071   -1.9239   -1.0000    0.0761   -0.7071   -1.3827   -0.0000    1.3827    0.7071   -0.0761    1.0000

 

    1.9239    0.7071   -0.6173   -0.0000    0.6173   -0.7071   -1.9239   -1.0000    0.0761   -0.7071   -1.3827



    0.0000    1.3827    0.7071   -0.0761    1.0000    1.9239    0.7071   -0.6173   -0.0000    0.6173   -0.7071



   -1.9239   -1.0000    0.0761   -0.7071   -1.3827    0.0000    1.3827    0.7071   -0.0761    1.0000    1.9239



    0.7071   -0.6173    0.0000    0.6173   -0.7071   -1.9239   -1.0000    0.0761   -0.7071   -1.3827    0.0000



    1.3827    0.7071   -0.0761    1.0000    1.9239    0.7071   -0.6173    0.0000    0.6173   -0.7071   -1.9239

 

   -1.0000    0.0761   -0.7071   -1.3827    0.0000    1.3827    0.7071   -0.0761    1.0000    1.9239    0.7071



   -0.6173   -0.0000    0.6173   -0.7071   -1.9239   -1.0000    0.0761   -0.7071   -1.3827    0.0000    1.3827



    0.7071   -0.0761    1.0000    1.9239    0.7071   -0.6173    0.0000    0.6173   -0.7071   -1.9239   -1.0000



    0.0761   -0.7071   -1.3827   -0.0000    1.3827    0.7071   -0.0761    1.0000    1.9239    0.7071   -0.6173



   -0.0000    0.6173   -0.7071   -1.9239   -1.0000    0.0761   -0.7071   -1.3827    0.0000    1.3827    0.7071



   -0.0761    1.0000    1.9239    0.7071   -0.6173    0.0000    0.6173   -0.7071   -1.9239   -1.0000    0.0761



   -0.7071   -1.3827   -0.0000    1.3827    0.7071   -0.0761    1.0000    1.9239    0.7071   -0.6173    0.0000

  

    0.6173   -0.7071   -1.9239   -1.0000    0.0761   -0.7071   -1.3827    0.0000    1.3827    0.7071   -0.0761



    1.0000    1.9239    0.7071   -0.6173    0.0000    0.6173   -0.7071   -1.9239   -1.0000    0.0761   -0.7071

  

   -1.3827    0.0000    1.3827    0.7071   -0.0761    1.0000    1.9239    0.7071   -0.6173   -0.0000    0.6173



   -0.7071   -1.9239   -1.0000    0.0761   -0.7071   -1.3827    0.0000    1.3827    0.7071   -0.0761    1.0000



    1.9239    0.7071   -0.6173    0.0000    0.6173   -0.7071   -1.9239   -1.0000    0.0761   -0.7071   -1.3827

  

    0.0000    1.3827    0.7071   -0.0761    1.0000    1.9239    0.7071   -0.6173   -0.0000    0.6173   -0.7071


   -1.9239   -1.0000    0.0761   -0.7071   -1.3827   -0.0000    1.3827    0.7071   -0.0761    1.0000    1.9239


    0.7071   -0.6173    0.0000    0.6173   -0.7071   -1.9239   -1.0000    0.0761   -0.7071   -1.3827    0.0000

 

    1.3827    0.7071   -0.0761    1.0000    1.9239    0.7071   -0.6173   -0.0000    0.6173   -0.7071   -1.9239

  

   -1.0000    0.0761   -0.7071   -1.3827    0.0000    1.3827    0.7071   -0.0761    1.0000    1.9239    0.7071


   -0.6173    0.0000    0.6173   -0.7071   -1.9239   -1.0000    0.0761   -0.7071   -1.3827   -0.0000    1.3827



    0.7071   -0.0761    1.0000    1.9239    0.7071   -0.6173    0.0000    0.6173   -0.7071   -1.9239   -1.0000

  

    0.0761   -0.7071   -1.3827   -0.0000    1.3827    0.7071   -0.0761    1.0000    1.9239    0.7071   -0.6173

 

    0.0000    0.6173   -0.7071   -1.9239   -1.0000    0.0761   -0.7071   -1.3827    0.0000    1.3827    0.7071

  

   -0.0761    1.0000    1.9239    0.7071   -0.6173    0.0000    0.6173   -0.7071   -1.9239   -1.0000    0.0761



   -0.7071   -1.3827   -0.0000    1.3827    0.7071   -0.0761    1.0000    1.9239    0.7071   -0.6173    0.0000



    0.6173   -0.7071   -1.9239   -1.0000    0.0761   -0.7071   -1.3827    0.0000    1.3827    0.7071   -0.0761

  

    1.0000    1.9239    0.7071   -0.6173   -0.0000    0.6173   -0.7071   -1.9239   -1.0000    0.0761   -0.7071

  

   -1.3827   -0.0000    1.3827    0.7071   -0.0761    1.0000    1.9239    0.7071   -0.6173    0.0000    0.6173



   -0.7071   -1.9239   -1.0000    0.0761   -0.7071   -1.3827    0.0000    1.3827    0.7071   -0.0761    1.0000



    1.9239    0.7071   -0.6173   -0.0000    0.6173   -0.7071   -1.9239   -1.0000    0.0761   -0.7071   -1.3827

 

    0.0000    1.3827    0.7071   -0.0761    1.0000    1.9239    0.7071   -0.6173    0.0000    0.6173   -0.7071

  

   -1.9239   -1.0000    0.0761   -0.7071   -1.3827    0.0000    1.3827    0.7071   -0.0761    1.0000    1.9239



    0.7071   -0.6173    0.0000    0.6173   -0.7071   -1.9239   -1.0000    0.0761   -0.7071   -1.3827    0.0000



    1.3827    0.7071   -0.0761    1.0000    1.9239    0.7071   -0.6173   -0.0000    0.6173   -0.7071   -1.9239

  

   -1.0000    0.0761   -0.7071   -1.3827    0.0000    1.3827    0.7071   -0.0761    1.0000    1.9239    0.7071

  

   -0.6173    0.0000    0.6173   -0.7071   -1.9239   -1.0000    0.0761   -0.7071   -1.3827   -0.0000    1.3827



    0.7071   -0.0761    1.0000    1.9239    0.7071   -0.6173   -0.0000    0.6173   -0.7071   -1.9239   -1.0000



    0.0761   -0.7071   -1.3827    0.0000    1.3827    0.7071   -0.0761    1.0000    1.9239    0.7071   -0.6173

  3928 至 3938 列

    0.0000    0.6173   -0.7071   -1.9239   -1.0000    0.0761   -0.7071   -1.3827   -0.0000    1.3827    0.7071

  

   -0.0761    1.0000    1.9239    0.7071   -0.6173    0.0000    0.6173   -0.7071   -1.9239   -1.0000    0.0761


   -0.7071   -1.3827    0.0000    1.3827    0.7071   -0.0761    1.0000    1.9239    0.7071   -0.6173    0.0000

 

    0.6173   -0.7071   -1.9239   -1.0000    0.0761   -0.7071   -1.3827    0.0000    1.3827    0.7071   -0.0761

  

    1.0000    1.9239    0.7071   -0.6173   -0.0000    0.6173   -0.7071   -1.9239   -1.0000    0.0761   -0.7071

  

   -1.3827    0.0000    1.3827    0.7071   -0.0761    1.0000    1.9239    0.7071   -0.6173   -0.0000    0.6173


   -0.7071   -1.9239   -1.0000    0.0761   -0.7071   -1.3827    0.0000    1.3827    0.7071   -0.0761    1.0000


    1.9239    0.7071   -0.6173   -0.0000    0.6173   -0.7071   -1.9239   -1.0000    0.0761   -0.7071   -1.3827



    0.0000    1.3827    0.7071   -0.0761    1.0000    1.9239    0.7071   -0.6173    0.0000    0.6173   -0.7071



   -1.9239   -1.0000    0.0761   -0.7071   -1.3827    0.0000    1.3827    0.7071   -0.0761    1.0000    1.9239



    0.7071   -0.6173   -0.0000    0.6173   -0.7071   -1.9239   -1.0000    0.0761   -0.7071   -1.3827    0.0000


    1.3827    0.7071   -0.0761    1.0000    1.9239    0.7071   -0.6173    0.0000    0.6173   -0.7071   -1.9239

  

   -1.0000    0.0761   -0.7071   -1.3827   -0.0000    1.3827    0.7071   -0.0761    1.0000    1.9239    0.7071


   -0.6173   -0.0000    0.6173   -0.7071   -1.9239   -1.0000    0.0761   -0.7071   -1.3827    0.0000    1.3827



    0.7071   -0.0761    1.0000    1.9239    0.7071   -0.6173    0.0000    0.6173   -0.7071   -1.9239   -1.0000

    0.0761   -0.7071   -1.3827   -0.0000